Jacobi:  [1.499998817301484, -0.5000000000000033, 2.000000000000001, -2.4999994084139723, 0.9999999999999987, -0.9999999999368614]
Gauss-Seidel:  [0.25, -0.375, 1.9583333333333333, -0.875, 1.05, -0.7333333333333333]
